Format: Level HR DR NDD SDD HP AC EXP GOLD

1 0 0 1 1 20 500 250 10
2 0 0 1 4 37 491 500 20
3 0 0 1 7 54 482 750 30
4 0 0 1 10 71 473 1000 40
5 0 0 1 13 88 464 1250 50
6 0 0 1 16 105 455 1500 60
7 0 0 1 19 122 446 1750 70
8 0 0 1 22 139 437 2000 80
9 0 0 1 25 156 428 2250 90
10 0 0 1 28 173 419 2500 100
11 0 0 1 31 190 410 2750 110
12 0 0 1 34 207 401 3000 120
13 0 0 1 37 224 392 3250 130
14 0 0 1 40 241 383 3500 140
15 0 0 1 43 258 374 3750 150
16 0 0 1 46 275 365 4000 160
17 0 0 1 49 292 356 4250 170
18 0 0 1 52 309 347 4500 180
19 0 0 1 55 326 338 4750 190
20 0 0 1 58 343 329 5000 200
21 0 0 1 61 360 320 5250 210
22 0 0 1 64 377 311 5500 220
23 0 0 1 67 394 302 5750 230
24 0 0 1 70 411 293 6000 240
25 0 0 1 73 428 284 6250 250
26 0 0 1 76 445 275 6500 260
27 0 0 1 79 462 266 6750 270
28 0 0 1 82 479 257 7000 280
29 0 0 1 85 496 248 7250 290
30 0 0 1 88 513 239 7500 300
31 0 0 1 91 530 230 7750 310
32 0 0 1 94 547 221 8000 320
33 0 0 1 97 564 212 8250 330
34 0 0 1 100 581 203 8500 340
35 0 0 1 103 598 194 8750 350
36 0 0 1 106 615 185 9000 360
37 0 0 1 109 632 176 9250 370
38 0 0 1 112 649 167 9500 380
39 0 0 1 115 666 158 9750 390
40 0 0 1 118 683 149 10000 400
41 0 0 1 121 700 140 10250 410
42 0 0 1 124 717 131 10500 420
43 0 0 1 127 734 122 10750 430
44 0 0 1 130 751 113 11000 440
45 0 0 1 133 768 104 11250 450
46 0 0 1 136 785 95 11500 460
47 0 0 1 139 802 86 11750 470
48 0 0 1 142 819 77 12000 480
49 0 0 1 145 836 68 12250 490
50 0 0 1 148 853 59 12500 500
51 0 0 1 151 870 50 12750 510
52 0 0 1 154 887 41 13000 520
53 0 0 1 157 904 32 13250 530
54 0 0 1 160 921 23 13500 540
55 0 0 1 163 938 14 13750 550
56 0 0 1 166 955 5 14000 560
57 0 0 1 169 972 -4 14250 570
58 0 0 1 172 989 -13 14500 580
59 0 0 1 175 1006 -22 14750 590
60 0 0 1 178 1023 -31 15000 600
61 0 0 1 181 1040 -40 15250 610
62 0 0 1 184 1057 -49 15500 620
63 0 0 1 187 1074 -58 15750 630
64 0 0 1 190 1091 -67 16000 640
65 0 0 1 193 1108 -76 16250 650
66 0 0 1 196 1125 -85 16500 660
67 0 0 1 199 1142 -94 16750 670
68 0 0 1 202 1159 -103 17000 680
69 0 0 1 205 1176 -112 17250 690
70 0 0 1 208 1193 -121 17500 700
71 0 0 1 211 1210 -130 17750 710
72 0 0 1 214 1227 -139 18000 720
73 0 0 1 217 1244 -148 18250 730
74 0 0 1 220 1261 -157 18500 740
75 0 0 1 223 1278 -166 18750 750
76 0 0 1 226 1295 -175 19000 760
77 0 0 1 229 1312 -184 19250 770
78 0 0 1 232 1329 -193 19500 780
79 0 0 1 235 1346 -202 19750 790
80 0 0 1 238 1363 -211 20000 800
81 0 0 1 241 1380 -220 20250 810
82 0 0 1 244 1397 -229 20500 820
83 0 0 1 247 1414 -238 20750 830
84 0 0 1 250 1431 -247 21000 840
85 0 0 1 253 1448 -256 21250 850
86 0 0 1 256 1465 -265 21500 860
87 0 0 1 259 1482 -274 21750 870
88 0 0 1 262 1499 -283 22000 880
89 0 0 1 265 1516 -292 22250 890
90 0 0 1 268 1533 -301 22500 900
91 0 0 1 271 1550 -310 22750 910
92 0 0 1 274 1567 -319 23000 920
93 0 0 1 277 1584 -328 23250 930
94 0 0 1 280 1601 -337 23500 940
95 0 0 1 283 1618 -346 23750 950
96 0 0 1 286 1635 -355 24000 960
97 0 0 1 289 1652 -364 24250 970
98 0 0 1 292 1669 -373 24500 980
99 0 0 1 295 1686 -382 24750 990
100 0 0 1 298 1703 -391 25000 1000
